image=((       0,       0,       0,       0,       0,       0,       0,       0,       0,       0,       0,       0,       0,       0,       0,       0,       0,       0,       0,       0,       0,       0,       0,       0,       0,       0,       0,       0,       0,       0,       0,       0)
,(       0,       0,       0,       0,       0,       0,       0,       0,       0,       0,       0,       0,       0,       0,       0,       0,       0,       0,       0,       0,       0,       0,       0,       0,       0,       0,       0,       0,       0,       0,       0,       0)
,(       0,       0,       0,       0, 2443938, 2444195, 2444195, 2444195, 2444195, 2444195, 2444195, 2444195, 2444452, 2312346,       0,       0, 2443938, 2444195, 2444195, 2444195, 2444195, 2444195, 2444195, 2444195, 2444452, 2312346,       0,       0,       0,       0,       0,       0)
,(       0,       0,       0,       0, 2575780, 8102628, 8365800, 8234472, 8037096, 7839976, 7577063, 7314151, 6656483, 2510502,       0,       0, 2576038, 7839459, 8102631, 7971303, 7774183, 7577063, 7313894, 7051238, 6524898, 2510502,       0,       0,       0,       0,       0,       0)
,(       0,       0,       0,       0, 2576037, 8365800, 5473758, 5342430, 5276637, 5210845, 5079261, 4947933, 6591206, 2576296,       0,       0, 2576039, 8037095, 5013468, 4947932, 4882140, 4816348, 4750556, 4619228, 6393829, 2576296,       0,       0,       0,       0,       0,       0)
,(       0,       0,       0,       0, 2510502, 8234472, 4487898, 4422106, 4356313, 4290777, 4224985, 4224985, 6196709, 2576811,       0,       0, 2510502, 7905767, 3961816, 3961816, 3896280, 3830487, 3830487, 3830487, 5933797, 2576811,       0,       0,       0,       0,       0,       0)
,(       0,       0,       0,       0, 2576296, 8037096, 4422106, 4356313, 4224985, 4224985, 4159193, 4093401, 5736932, 2642861,       0,       0, 2576296, 7708391, 3830487, 3830487, 3830487, 3830487, 3764695, 3764695, 5473764, 2642861,       0,       0,       0,       0,       0,       0)
,(       0,       0,       0,       0, 2576810, 7774440, 4356313, 4224985, 4224985, 4159193, 4093401, 4093400, 5342180, 2708911,       0,       0, 2576810, 7445478, 3830487, 3764695, 3764695, 3698903, 3698903, 3698903, 5079011, 2708911,       0,       0,       0,       0,       0,       0)
,(       0,       0,       0,       0, 2642605, 7511271, 4224985, 4224985, 4159193, 4093401, 4093400, 4027608, 4947683, 2709426,       0,       0, 2642605, 7116773, 3698903, 3698903, 3698903, 3698903, 3633111, 3633111, 4618978, 2709426,       0,       0,       0,       0,       0,       0)
,(       0,       0,       0,       0, 2643119, 7248359, 4224985, 4159193, 4093401, 4027608, 4027608, 3961816, 4947683, 2775220,       0,       0, 2643119, 6853861, 3698903, 3633111, 3633111, 3633111, 3567574, 3567574, 4618978, 2775220,       0,       0,       0,       0,       0,       0)
,(       0,       0,       0,       0, 2709169, 6919655, 4159193, 4093401, 4093400, 4027608, 3961816, 3896280, 5145060, 2841270,       0,       0, 2709169, 6262244, 3238869, 3041492, 2975956, 2975956, 2975956, 2975956, 4421857, 2841270,       0,       0,       0,       0,       0,       0)
,(       0,       0,       0,       0, 2774963, 6591206, 4093401, 4093400, 4027608, 3961816, 3896280, 3830487, 5210852, 2841785,       0,       0, 2774963, 5276129, 2449874, 2449874, 2449874, 2449874, 2449874, 2449874, 4224736, 2841785,       0,       0,       0,       0,       0,       0)
,(       0,       0,       0,       0, 2775477, 6196709, 4093400, 4027608, 3962072, 3896280, 3304661, 2909908, 4553440, 2907835,       0,       0, 2775477, 4816097, 2449874, 2449874, 2449874, 2449874, 2449874, 2449874, 4553440, 2907835,       0,       0,       0,       0,       0,       0)
,(       0,       0,       0,       0, 2841271, 5802468, 4027608, 4027608, 3370198, 2646995, 2449874, 2449874, 4816353, 2973885,       0,       0, 2841271, 4421856, 2449874, 2449874, 2449874, 2449874, 2449874, 2449874, 4816353, 2973885,       0,       0,       0,       0,       0,       0)
,(       0,       0,       0,       0, 2841785, 5342436, 3764439, 2713043, 2449874, 2449874, 2449874, 2449874, 5079521, 2974144,       0,       0, 2841785, 3961568, 2449874, 2449874, 2449874, 2449874, 2449874, 2449874, 5079521, 2974144,       0,       0,       0,       0,       0,       0)
,(       0,       0,       0,       0, 2907579, 4290273, 2449874, 2449874, 2449874, 2449874, 2449874, 2449874, 5342433, 3040194,       0,       0, 2907579, 3567071, 2449874, 2449874, 2449874, 2449874, 2449874, 2449874, 5342433, 3040194,       0,       0,       0,       0,       0,       0)
,(       0,       0,       0,       0, 2908092, 3632863, 2449874, 2449874, 2449874, 2449874, 2449874, 2515666, 5605602, 3106244,       0,       0, 2908092, 3567327, 2449874, 2449874, 2449874, 2449874, 2449874, 2515666, 5605602, 3106244,       0,       0,       0,       0,       0,       0)
,(       0,       0,       0,       0, 2973886, 3961568, 2449874, 2449874, 2515667, 2581459, 2581716, 2647508, 5934563, 3106759,       0,       0, 2973886, 3961568, 2449874, 2449874, 2515667, 2581459, 2581716, 2647508, 5934563, 3106759,       0,       0,       0,       0,       0,       0)
,(       0,       0,       0,       0, 2974144, 4224736, 2515666, 2581459, 2647508, 2713557, 2779606, 2845398, 6263525, 3172809,       0,       0, 2974144, 4224736, 2515666, 2581459, 2647508, 2713557, 2779606, 2845398, 6263525, 3172809,       0,       0,       0,       0,       0,       0)
,(       0,       0,       0,       0, 3040193, 4553440, 2581716, 2713557, 2845142, 2976984, 3043033, 3174361, 6658279, 3238859,       0,       0, 3040193, 4553440, 2581716, 2713557, 2845142, 2976984, 3043033, 3174361, 6658279, 3238859,       0,       0,       0,       0,       0,       0)
,(       0,       0,       0,       0, 3040451, 4882402, 2779093, 2911191, 3108569, 3240666, 3372252, 3503837, 7053034, 3239118,       0,       0, 3040451, 4882402, 2779093, 2911191, 3108569, 3240666, 3372252, 3503837, 7053034, 3239118,       0,       0,       0,       0,       0,       0)
,(       0,       0,       0,       0, 3106244, 5277155, 2911191, 3108825, 3372251, 3569886, 3701727, 3833569, 7448044, 3305168,       0,       0, 3106244, 5277155, 2911191, 3108825, 3372251, 3569886, 3701727, 3833569, 7448044, 3305168,       0,       0,       0,       0,       0,       0)
,(       0,       0,       0,       0, 3106501, 5605860, 3108825, 3372252, 3635678, 3899105, 4096995, 4228837, 7843311, 3371218,       0,       0, 3106501, 5605860, 3108825, 3372252, 3635678, 3899105, 4096995, 4228837, 7843311, 3371218,       0,       0,       0,       0,       0,       0)
,(       0,       0,       0,       0, 3106502, 5934821, 3306203, 3570142, 3899361, 4163044, 4492263, 4689897, 8238322, 3371733,       0,       0, 3106502, 5934821, 3306203, 3570142, 3899361, 4163044, 4492263, 4689897, 8238322, 3371733,       0,       0,       0,       0,       0,       0)
,(       0,       0,       0,       0, 3106759, 6197990, 3438044, 3767776, 4097252, 4492519, 4821995, 5085422, 8633333, 3437783,       0,       0, 3106759, 6197990, 3438044, 3767776, 4097252, 4492519, 4821995, 5085422, 8633333, 3437783,       0,       0,       0,       0,       0,       0)
,(       0,       0,       0,       0, 3172552, 6461159, 3569885, 3899617, 4294886, 4755946, 5151215, 5546483, 9028601, 3503577,       0,       0, 3172552, 6461159, 3569885, 3899617, 4294886, 4755946, 5151215, 5546483, 9028601, 3503577,       0,       0,       0,       0,       0,       0)
,(       0,       0,       0,       0, 3172552, 6526694, 7119082, 7514093, 7909104, 8304115, 8699382, 9094393, 9028858, 3504091,       0,       0, 3172552, 6526694, 7119082, 7514093, 7909104, 8304115, 8699382, 9094393, 9028858, 3504091,       0,       0,       0,       0,       0,       0)
,(       0,       0,       0,       0, 2974396, 3173066, 3239117, 3305167, 3305426, 3371476, 3437526, 3438041, 3504091, 2776492,       0,       0, 2974396, 3173066, 3239117, 3305167, 3305426, 3371476, 3437526, 3438041, 3504091, 2776492,       0,       0,       0,       0,       0,       0)
,(       0,       0,       0,       0,       0,       0,       0,       0,       0,       0,       0,       0,       0,       0,       0,       0,       0,       0,       0,       0,       0,       0,       0,       0,       0,       0,       0,       0,       0,       0,       0,       0)
,(       0,       0,       0,       0,       0,       0,       0,       0,       0,       0,       0,       0,       0,       0,       0,       0,       0,       0,       0,       0,       0,       0,       0,       0,       0,       0,       0,       0,       0,       0,       0,       0)
,(       0,       0,       0,       0,       0,       0,       0,       0,       0,       0,       0,       0,       0,       0,       0,       0,       0,       0,       0,       0,       0,       0,       0,       0,       0,       0,       0,       0,       0,       0,       0,       0)
,(       0,       0,       0,       0,       0,       0,       0,       0,       0,       0,       0,       0,       0,       0,       0,       0,       0,       0,       0,       0,       0,       0,       0,       0,       0,       0,       0,       0,       0,       0,       0,       0)
)